gradient_boosting
1 th iteration

alpha =

     0     0
     0     0
     0     0
     0     0
     0     0
     0     0


h =

     0     0
     0     0
     0     0
     0     0
     0     0
     0     0


ans =

     0     0     0     0     0     0
     0     0     0     0     0     0
     0     0     0     0     0     0
     0     0     0     0     0     0
     0     0     0     0     0     0
     0     0     0     0     0     0
     0     0     0     0     0     0
     0     0     0     0     0     0
     0     0     0     0     0     0


r =

     0     0
     0     0
     0     0
     0     0
     0     0
     0     0
     0     0
     0     0
     0     0


r =

     0     0
     0     0
     0     0
     0     0
     0     0
     0     0
     0     0
     0     0
     0     0


r =

     0     0
     0     0
     0     0
     0     0
     0     0
     0     0
     0     0
     0     0
     0     0


r =

     0     0
     0     0
     0     0
     0     0
     0     1
     0     0
     0     0
     0     0
     0     0


r =

     0     0
     0     0
     0     0
     0     0
     0     1
     0     0
     0     1
     0     0
     0     0


r =

     0     0
     0     0
     0     0
     0     0
     0     1
     0     0
     0     1
     0     0
     0     1

t:1,l:1
norm_step =

    0.3333
    0.3333
    0.3333
    0.3333
    0.3333
    0.3333
    0.3333
    0.3333
    0.3333


tmp =

     1

t:1,l:2
norm_step =

   -0.3333
   -0.3333
   -0.3333
   -0.3333
   -0.3333
   -0.3333
   -0.3333
   -0.3333
   -0.3333


tmp =

    -1

t:1,l:3
norm_step =

     1
     0
     0
     0
     0
     0
     0
     0
     0


tmp =

     0

t:1,l:4
norm_step =

    -1
     0
     0
     0
     0
     0
     0
     0
     0


tmp =

     0

t:2,l:1
norm_step =

         0
    0.3536
    0.3536
    0.3536
    0.3536
    0.3536
    0.3536
    0.3536
    0.3536


tmp =

    1.0607

t:2,l:2
norm_step =

         0
   -0.3536
   -0.3536
   -0.3536
   -0.3536
   -0.3536
   -0.3536
   -0.3536
   -0.3536


tmp =

   -1.0607

t:2,l:3
norm_step =

    0.7071
    0.7071
         0
         0
         0
         0
         0
         0
         0


tmp =

     0

t:2,l:4
norm_step =

   -0.7071
   -0.7071
         0
         0
         0
         0
         0
         0
         0


tmp =

     0

t:3,l:1
norm_step =

         0
         0
         0
    0.4082
    0.4082
    0.4082
    0.4082
    0.4082
    0.4082


tmp =

    1.2247

t:3,l:2
norm_step =

         0
         0
         0
   -0.4082
   -0.4082
   -0.4082
   -0.4082
   -0.4082
   -0.4082


tmp =

   -1.2247

t:3,l:3
norm_step =

    0.5000
    0.5000
    0.5000
    0.5000
         0
         0
         0
         0
         0


tmp =

     0

t:3,l:4
norm_step =

   -0.5000
   -0.5000
   -0.5000
   -0.5000
         0
         0
         0
         0
         0


tmp =

     0

t:4,l:1
norm_step =

         0
         0
         0
         0
    0.4472
    0.4472
    0.4472
    0.4472
    0.4472


tmp =

    1.3416

t:4,l:2
norm_step =

         0
         0
         0
         0
   -0.4472
   -0.4472
   -0.4472
   -0.4472
   -0.4472


tmp =

   -1.3416

t:4,l:3
norm_step =

    0.4472
    0.4472
    0.4472
    0.4472
    0.4472
         0
         0
         0
         0


tmp =

    0.4472

t:4,l:4
norm_step =

   -0.4472
   -0.4472
   -0.4472
   -0.4472
   -0.4472
         0
         0
         0
         0


tmp =

   -0.4472

t:5,l:1
norm_step =

         0
         0
         0
         0
         0
         0
    0.5774
    0.5774
    0.5774


tmp =

    1.1547

t:5,l:2
norm_step =

         0
         0
         0
         0
         0
         0
   -0.5774
   -0.5774
   -0.5774


tmp =

   -1.1547

t:5,l:3
norm_step =

    0.3780
    0.3780
    0.3780
    0.3780
    0.3780
    0.3780
    0.3780
         0
         0


tmp =

    0.7559

t:5,l:4
norm_step =

   -0.3780
   -0.3780
   -0.3780
   -0.3780
   -0.3780
   -0.3780
   -0.3780
         0
         0


tmp =

   -0.7559

t:6,l:1
norm_step =

     0
     0
     0
     0
     0
     0
     0
     0
     1


tmp =

     1

t:6,l:2
norm_step =

     0
     0
     0
     0
     0
     0
     0
     0
    -1


tmp =

    -1

t:6,l:3
norm_step =

    0.3333
    0.3333
    0.3333
    0.3333
    0.3333
    0.3333
    0.3333
    0.3333
    0.3333


tmp =

     1

t:6,l:4
norm_step =

   -0.3333
   -0.3333
   -0.3333
   -0.3333
   -0.3333
   -0.3333
   -0.3333
   -0.3333
   -0.3333


tmp =

    -1


epsilon =

    1.2247


F_end =

         0
         0
         0
         0
    0.5477
    0.5477
    0.5477
    0.5477
    0.5477


r_end =

     0
     0
     0
     0
     0
     0
     0
     0
     0


r_end =

     0
     0
     0
     0
     0
     0
     0
     0
     0


r_end =

     0
     0
     0
     0
     0
     0
     0
     0
     0


r_end =

     0
     0
     0
     0
     0
     0
     0
     0
     0


r_end =

         0
         0
         0
         0
    0.4523
         0
         0
         0
         0


r_end =

         0
         0
         0
         0
    0.4523
         0
    0.4523
         0
         0


r_end =

         0
         0
         0
         0
    0.4523
         0
    0.4523
         0
    0.4523

diary off
